321 285
3476 12371
3490 3212
3626 1780
3655 682
3887 786
3936 865
4380 3783
4625 2643
4661 4079
4694 27040
4704 1960
6241 1240
6362 2877
6958 1320
7233 155
9183 4286
9364 810
9687 2555
11757 2555
12331 3596
12342 11673
12926 11890
13130 14314
13217 13216
14468 3378
15418 3484
15543 9814
15753 1502
17034 17022
17166 2571
17534 12011
17692 2571
18785 370
18920 17335
19613 180
19892 9995
19933 19040
20332 6878
20697 19214
21421 3344
21470 810
22577 21456
22676 373
22735 22610
23116 6670
23360 23098
25511 20925
25680 810
26166 872
26379 15150
26418 21017
26604 7164
27367 14417
27377 12433
27406 2571
27433 3484
27693 14438
28063 26845
28205 17339
28248 2252
28357 14438
28446 9995
28763 20960
30011 20196
30256 17400
31157 28839
31178 31175
31237 9990
31790 28006
32025 2700
32420 26949
32459 2124
33553 17243
33627 370
33757 3749
34039 26311
34217 1424
34557 33912
35154 6675
35239 34326
35269 14493
35713 27983
35939 35933
35980 180
36293 29393
37383 36943
37435 36697
37477 29911
37509 4751
38285 21278
38310 810
38801 38803
40273 1723
40339 37683
43468 37312
44027 29393
44109 439
44264 15547
44373 810
44375 25830
44492 3106
44712 44706
45064 3706
45161 2124
45242 4186
45520 6785
45593 32365
45601 35404
45877 2555
46139 35987
