321 4433
3476 2708
3490 37617
3626 2961
3655 15238
3887 38734
3936 4292
4380 29511
4625 46053
4661 19440
4694 1860
4704 4253
6241 2992
6362 22906
6958 28835
7233 22746
9183 11450
9364 43280
9687 16846
11757 35771
12331 1254
12342 28087
12926 20448
13130 14495
13217 12098
14468 21246
15418 2708
15543 35974
15753 23153
17034 1274
17166 41824
17534 35902
17692 8984
18785 23332
18920 20392
19613 33507
19892 45169
19933 15751
20332 37134
20697 21444
21421 4611
21470 20571
22577 23077
22676 20203
22735 31772
23116 27372
23360 44858
25511 27542
25680 25608
26166 31519
26379 44594
26418 26141
26604 11153
27367 17215
27377 32443
27406 31751
27433 745
27693 15760
28063 38438
28205 7274
28248 6278
28357 35258
28446 19402
28763 36898
30011 36981
30256 12193
31157 27993
31178 4610
31237 38380
31790 8425
32025 29958
32420 15763
32459 14982
33553 11613
33627 19387
33757 23258
34039 4259
34217 12143
34557 25672
35154 29030
35239 20148
35269 16811
35713 20285
35939 36362
35980 6964
36293 32230
37383 36721
37435 20584
37477 15234
37509 36227
38285 43887
38310 19458
38801 1899
40273 34018
40339 44858
43468 44697
44027 36183
44109 31751
44264 17257
44373 33700
44375 234
44492 37089
44712 31493
45064 17107
45161 44909
45242 29548
45520 19380
45593 43729
45601 4016
45877 25589
46139 45418
